0.801114559173584	0.20186202519876337	0.003917249803856438	0.04597853203326421	0.2523325189639357
0.8039102554321289	0.22406334783570184	0.001101821337294091	0.1717255855532273	0.2843702060251471
0.8067253232002258	0.24897262384985752	0.0007320361769023919	0.1819398146129401	0.3005491903940323
0.8095598816871643	0.27989242903585143	0.000578542593670837	0.23232076634280002	0.31995962224626495
0.8124139308929443	0.30997625279375046	0.0011325733701812541	0.2109590925902167	0.3574694051104184
0.8152875304222107	0.3323299112657851	0.0010336902951542455	0.27403489125141084	0.4106339998706887
0.8181807994842529	0.3474329483675288	0.0036194209990392267	0.2878171396365518	0.5769380895890105
0.8210936784744263	0.3491470145816698	0.0009209492602988486	0.28323849102260795	0.3939609408292698
0.8240262269973755	0.3616856239674081	0.0009120349841572419	0.30642396157844287	0.41989983135528325
0.8269784450531006	0.36921361409444997	0.0008305392218092475	0.3162272740003182	0.40696611479712747
0.8299504518508911	0.3739621040701197	0.0011333726114357656	0.3068997311552973	0.46055534496265005
0.8329421281814575	0.3720838712280486	0.002849590054524946	0.31272491899897925	0.5707905383356906
0.8359535336494446	0.3775749263678667	0.0010848384526935884	0.3127843579900543	0.41510135712396445
0.8389846086502075	0.3746397557704113	0.0010454051614936291	0.3105847346475304	0.41922005022181885
0.8420354127883911	0.3625446378529473	0.0008180593122219579	0.2994198600596255	0.4102359701004337
0.8451058864593506	0.33858407174024535	0.0006096930189848079	0.2988116525327926	0.38811036120391856
0.8481959700584412	0.31598278686137804	0.0032127010432481348	0.09921595941311795	0.3654692551670968
0.8513056635856628	0.30545096760475077	0.0009895467241282216	0.195612694785413	0.34540282492304764
0.8544349670410156	0.3159237580444417	0.0009220835489379397	0.25664611433135376	0.3834668208544486
0.85758376121521	0.3189929590920767	0.00048824192334976534	0.28410691040195934	0.3569384879659214
0.8607519865036011	0.3105713257319388	0.0004948537359520089	0.2697502210890754	0.3570723426606497
0.863939642906189	0.2943198472692364	0.0003929192409549809	0.2573568119874198	0.3213184052942767
0.8671466708183289	0.28341373060882163	0.0002605379914424369	0.25757662038139023	0.3132573293506751
0.8703729510307312	0.2865657591206851	0.0003228984003407384	0.25329810526591523	0.32066758956329583
0.8736184239387512	0.29558072264631535	0.0005028399941786346	0.2561362941451247	0.3659822317275486
0.8768830299377441	0.32155446130404597	0.0012219619679611096	0.2880290194668381	0.45345550532419887
0.8801666498184204	0.35917106266391036	0.0006257055274552604	0.31422249677567005	0.3947723217220656
0.8834692239761353	0.38298735154446356	0.0028678443160861634	0.167620541152577	0.4099562519367776
0.8867906332015991	0.39777649411571403	0.000515900789177275	0.351400814812365	0.43341828568846785
0.8901308178901672	0.40380521932727986	0.0005216408018754013	0.36739770680243267	0.44795143309552027
0.8934895992279053	0.4215811399530833	0.0005809132371799155	0.3574971696620674	0.4633708839957851
0.8968669772148132	0.4516928028003216	0.0004988922192555313	0.41896383851451074	0.49104018056278254
0.900262713432312	0.4816324253713218	0.0009095229936266415	0.4351970594132231	0.5634317690279892
0.9036767482757568	0.5088752466545541	0.0018060672583464648	0.4682468747791055	0.6464712060944118
0.9071090221405029	0.5505846992855489	0.0009674352420542021	0.48804201153266175	0.6120057512845889
0.9105592966079712	0.5774776584445794	0.0018775147123697245	0.4900621255314174	0.6612516363280571
0.9140274524688721	0.6254013267050383	0.001998865197519803	0.5235216136943399	0.6987933590860395
0.9175134301185608	0.6624195294420622	0.00246729540132388	0.5600906343000485	0.7296543569924298
0.9210171103477478	0.6717491121984616	0.0016966667115577083	0.5940395175001724	0.7329496168409653
0.9245381951332092	0.671239603857674	0.0010226531952164768	0.6138810806144414	0.7164636348610194
0.9280766844749451	0.6595644836807486	0.0013067701881843683	0.6065045263843764	0.7399152489534976
0.931632399559021	0.6574391045941249	0.0009747482144190275	0.5900399940533166	0.7084605665957651
0.9352051615715027	0.6699399393976607	0.0007685230127510197	0.6231934408752206	0.7169802168398414
0.9387948513031006	0.6992766003550999	0.0008249475851207723	0.6610655785416775	0.7484577696225442
0.9424012899398804	0.7339468031334635	0.0013335590902821648	0.662283129901995	0.807380403098852
0.9460242986679077	0.7823804239144199	0.001263386492202269	0.7166481392838233	0.8262035871440393
0.9496636986732483	0.8139537046891919	0.0012603017964241661	0.7497135307996239	0.8609598906510337
0.9533193707466125	0.8298221718735318	0.0012543941198943764	0.7600747065366706	0.8778796335698092
0.9569911360740662	0.8275022226375646	0.0012103097186674443	0.7658404284328773	0.8940060514482449
0.9606788158416748	0.82641729020397	0.0012238912710494454	0.757353073059544	0.8871887696069113
0.9643822312355042	0.8334826825279389	0.0010512897319034076	0.7540490311233682	0.8780463457429495
0.9681012034416199	0.8491136653810217	0.0013089405022992122	0.7729028920003932	0.898047041029005
0.9718355536460876	0.884878339972965	0.0011343135377146517	0.8184907177746005	0.9354938235138078
0.9755851030349731	0.9050988611209059	0.0013692407222412413	0.8393256730233506	0.9634460282764546
0.979349672794342	0.9194341182532507	0.0011889904453166987	0.8690646244741109	0.9819879995137023
0.98312908411026	0.914269472717769	0.0017256816039196267	0.837773050515016	0.9851505336886578
0.9869231581687927	0.8405330909937992	0.0011390895916315684	0.780147701361401	0.9126948474466541
0.9907316565513611	0.757943842112843	0.0006962313665683981	0.7167566121816594	0.8102932267477794
0.9945544600486755	0.685196060530258	0.0008647774201800247	0.643118642541631	0.7490100612707745
0.9983912706375122	0.6649856928955972	0.0004062565063291585	0.6250584868497967	0.7087665490011631
1.0022419691085815	0.6962174168745615	0.0009739718735646609	0.6427885738125558	0.7844132280915691
1.0061063766479492	0.7406295372582485	0.0005321669477726864	0.7049918715102885	0.7913341817005449
1.0099842548370361	0.7894867017063648	0.00047250129887299196	0.7518181377791453	0.8344502749658527
1.0138754844665527	0.8216725722513339	0.0005140917307406138	0.7688075143633115	0.8581308287238686
1.0177797079086304	0.8351072284662335	0.00029232895360346216	0.8029088713269056	0.873054825598542
1.0216968059539795	0.8371532935543349	0.0004020668078592717	0.8008634431116396	0.8768490469167249
1.0256266593933105	0.8330572008556687	0.0006162877069463278	0.7888240058715653	0.8961479186788702
1.0295690298080444	0.8533015411679247	0.0006796047419533871	0.816562241625102	0.9239216238079322
1.0335235595703125	0.88708991251025	0.0005353108527066097	0.8416331195758565	0.9161332981332065
1.0374902486801147	0.9304719620725503	0.0004864891714429863	0.890911716442456	0.9739411392346422
1.0414687395095825	0.9669160292135912	0.00043454311838991524	0.9325635343726361	1.00840595692521
1.0454589128494263	0.981580050908186	0.0004960321966519376	0.9448785266999794	1.021961316772288
1.0494604110717773	0.9773507794252002	0.0005932783106301335	0.9403257910919363	1.0148925871435328
1.0534733533859253	0.9582025246665451	0.0004895178535717666	0.9136986793039122	0.9893893035293808
1.0574971437454224	0.9470851165114629	0.0004560478772791978	0.9047346764810551	0.9708877706945733
1.061531901359558	0.9525687052213471	0.0006883096028639277	0.9054844449711494	0.9951660030985
1.0655772686004639	0.9847078832657321	0.0005295115768129862	0.9420901752770301	1.026535347392139
1.0696330070495605	1.0317761076388485	0.0007555666825917865	0.976508508047647	1.0785907210097767
1.073698878288269	1.0782389859356039	0.0006246788604253169	1.0383225001711582	1.1245525171167674
1.0777747631072998	1.120070023925071	0.0005685168774427298	1.081309834854555	1.1621930943296348
1.0818604230880737	1.1666217541357335	0.0006779899173343573	1.1041358207915826	1.204100925884457
1.0859557390213013	1.213204427375254	0.0006503548159481098	1.160335494996946	1.2582623795345698
1.0900602340698242	1.2537878142355414	0.0005404365251178594	1.2160879663100028	1.2921426314831
1.0941740274429321	1.2672282606414365	0.0008087991937154095	1.235718537320221	1.3620749058117598
1.0982966423034668	1.2668829989530486	0.0008851005325740139	1.2345739726391747	1.3695650073951897
1.1024280786514282	1.2583747582119111	0.00044625376046952147	1.2245075297649266	1.3081304762485635
1.1065679788589478	1.2410163607992368	0.0003814096068551349	1.189718013006373	1.2708161708883121
1.1107162237167358	1.2284623382166155	0.00032437356673428334	1.1743206960163952	1.256770215521709
1.1148725748062134	1.2284387587407644	0.00025726298394251776	1.1853445045755444	1.262834093656444
1.1190366744995117	1.239595947122621	0.00026395477426620356	1.2053532096114934	1.2757206665801388
1.1232085227966309	1.2567555745215804	0.0002166066235892436	1.2343415356111134	1.2810748663864615
1.1273878812789917	1.2615945390898482	0.00026471046765810205	1.244431655571568	1.3085615786622558
1.1315745115280151	1.225317381093271	0.0004976766083762968	1.1924020787181575	1.2635259513458472
1.135768175125122	1.174542567468422	0.0011341981180591266	1.1367649273591018	1.2365331511419206
1.1399686336517334	1.1536715633824397	0.0017333263126412945	1.1134453656838141	1.2575753936185805
1.1441757678985596	1.202500932667715	0.0009391398610860192	1.1666989313426126	1.268539363220822
1.1483893394470215	1.270233992655043	0.00048175992768599156	1.2329929769536998	1.3054025580632451
1.15260910987854	1.31901894008089	0.0005200168951495594	1.2791916880330267	1.362243268793595
1.1568349599838257	1.3330023782061118	0.000584618112687087	1.2888527920499604	1.3834567269321967
1.1610666513442993	1.300954069531267	0.000979044623426042	1.2515111793135727	1.3668298798000231
1.1653039455413818	1.253813108233331	0.0011071398092722974	1.1953122711841346	1.3131496358412396
1.1695466041564941	1.2053681856257221	0.0013214842806560545	1.1381080787632951	1.2643256865659287
1.1737945079803467	1.1612714339982155	0.0015425049566690227	1.0977129128876413	1.236868689703507
1.17804753780365	1.1661692801681676	0.0010500942645549015	1.1124334505160391	1.2356078539168918
1.1823053359985352	1.1748648311942527	0.0007695882612028743	1.132761576410179	1.2266442517424079
1.1865676641464233	1.2021219027247163	0.00063084052325051	1.1497704735069387	1.2560873094061153
1.1908345222473145	1.1870511534813404	0.0007472732796393157	1.1293236567586957	1.2310686367121595
1.1951056718826294	1.1393152540393223	0.0008280717379600185	1.0854123028223128	1.1775412896113724
1.1993807554244995	1.1027065459959793	0.0009174629244216814	1.0543526512604566	1.1597532964109332
1.2036597728729248	1.1074867344862256	0.0011102145033406413	1.0541061647079304	1.172099044847332
1.2079423666000366	1.1514772478466797	0.0007199506021212485	1.0984210533572834	1.193126164014126
1.212228536605835	1.2065586789085816	0.0008689020170344817	1.1430918654526585	1.251400701916057
1.2165179252624512	1.2466779023581265	0.001062152084704453	1.1853353939170217	1.3031632842115746
1.2208105325698853	1.2904356833066548	0.0011113991757519595	1.2337418714909676	1.3515820110566625
1.225105881690979	1.3203137840351737	0.0010796596576611902	1.253070134521987	1.3786262184737283
1.229404091835022	1.321300356238803	0.0012867845144433308	1.2544628084278504	1.396346683087493
1.2337048053741455	1.2905831732365909	0.0013256390950657615	1.2234620576475015	1.3453481185310021
1.23800790309906	1.2321132326950572	0.0019421905671020193	1.158791430051917	1.305133399104061
1.2423131465911865	1.1907452147014408	0.001847136441940138	1.1173219422499283	1.2733449903183094
1.2466204166412354	1.1634539385496045	0.0021761693648631878	1.1039061224741646	1.276628147986024
1.2509294748306274	1.2059171599689011	0.0017625925122844313	1.136876576644372	1.2789255576657725
1.2552403211593628	1.2554522260460241	0.0017473981718627372	1.1915055060179147	1.3280339220606114
1.2595524787902832	1.3174796290903736	0.001396031596394088	1.2469449403288795	1.3800718233469302
1.2638660669326782	1.3709724342416743	0.0015741145086406196	1.3050804182154683	1.4392581969912805
1.2681808471679688	1.413645428691517	0.002181291489027192	1.341405400038745	1.495790577044376
1.2724964618682861	1.4331887244126438	0.0023742136784854284	1.3626767363692278	1.522950169910898
1.2768129110336304	1.446973234761036	0.0023400988728419963	1.353791049878032	1.5237180413806244
1.281130075454712	1.414788148995121	0.002871529966336421	1.3340145583869656	1.5138439796184375
1.2854477167129517	1.3995066591896492	0.0034238456013125896	1.3226877045692234	1.5207720331432586
1.2897655963897705	1.4049306725247706	0.0032949372861668944	1.3222326742108128	1.5179603497622942
1.2940837144851685	1.4065241681348821	0.002926607021518115	1.328596188490075	1.5130757645957338
1.2984018325805664	1.4067471234308748	0.0031872459363796904	1.3219739770901167	1.508126340485028
1.3027197122573853	1.4054486984743084	0.003015142913821738	1.3152195205962482	1.4926426950619665
1.307037353515625	1.3897851966875876	0.002989407453285261	1.3116117082575838	1.4922012461075773
1.3113545179367065	1.3861151513213052	0.003225503313359211	1.3147330795475567	1.5000629679976352
1.3156710863113403	1.3977677975486846	0.003628068730329355	1.3165249583004828	1.5072489573748833
1.3199868202209473	1.408960313741883	0.0033254352349892683	1.319418127425301	1.507976719453302
1.3243017196655273	1.3847519843503817	0.0037493650358928618	1.2821517234220936	1.5124930435126356
1.3286155462265015	1.2900857037553157	0.004769594794882324	1.1815527215581365	1.4302481493160306
1.33292818069458	1.16259597761137	0.005596745728069687	1.046881131591911	1.3014331531378307
1.337239384651184	1.038061096089055	0.005695630899422496	0.9106526598538565	1.1536396566706733
1.341549277305603	0.9469922280903849	0.0048698829866628945	0.8296982245148454	1.059314410861904
1.3458573818206787	0.9065819815509889	0.004567153673617803	0.7892273229170009	0.9976689255988354
1.3501638174057007	0.876544823013461	0.00513195403994661	0.7669148469711471	0.9588264724536409
1.3544684648513794	0.8467651234491952	0.005797383215025638	0.7272232391109636	0.9597584232128304
1.3587709665298462	0.8191926229030638	0.004916996355160097	0.7072252905808173	0.9160135200083211
1.363071322441101	0.8129632006778629	0.004517042190296432	0.7173713914799296	0.9166795371474362
1.3673694133758545	0.8266985624335741	0.004495067166935127	0.7034539326836629	0.9444640408849855
1.371665120124817	0.8282884745318605	0.004572313435188784	0.6938552108734151	0.9446243239378068
1.3759583234786987	0.8258779345292585	0.0044352056323266765	0.7060852755774247	0.9593646935626534
1.3802489042282104	0.8313867343012267	0.004156468238611027	0.713935675817417	0.9615448476662998
1.384536623954773	0.8599257573366558	0.003563489133706751	0.7331395203295182	0.9715847135689929
1.3888214826583862	0.8652057721000277	0.003549656716265099	0.7442999342577538	0.9774026794417292
1.3931034803390503	0.8468744072312508	0.003444191017520299	0.7433865790939894	0.9528989379400226
1.397382140159607	0.8005280720342242	0.0051212714105923025	0.6928084125089743	0.9083730589662429
