1.9006637334823608	0.9738838233291803	nan	0.9738838233291803	0.9738838233291803
1.9041962623596191	1.028991494860201	nan	1.028991494860201	1.028991494860201
1.9077234268188477	1.0877130392010386	0.009272314097605577	1.0084747671769037	1.1446534299519917
1.9112454652786255	1.1074402271162964	0.004428552844258329	1.0562866292740356	1.150398826615914
1.914762258529663	1.0657956139371552	0.006177141030014181	1.0253056874557838	1.1364555055394332
1.91827392578125	1.0843237584074048	0.004174593812349806	1.0498985345519878	1.1412724237364786
1.9217803478240967	1.0736149166510995	0.005655753757108382	1.0293855882747671	1.1357411594227647
1.9252817630767822	1.073385700114812	0.004172194110687764	1.013550832159243	1.104898455124351
1.9287779331207275	1.0541594923682387	0.0033895833217626706	1.0084924925178886	1.0908281873502355
1.9322690963745117	1.0227833836920048	0.004530213462564077	0.9850237274624821	1.0802100023403665
1.9357552528381348	1.0185841247642364	0.0031058731104428245	0.9876043007720158	1.0664189327947922
1.9392364025115967	1.0167052986517955	0.0037752313839386925	0.9735876919657912	1.0604810908397988
1.942712426185608	0.9902390836427365	0.0053371814972251975	0.9326343551404483	1.0359511640074008
1.9461835622787476	0.9745743774468261	0.004159401851651829	0.928900275724082	1.0201077518612038
1.949649691581726	0.9702588800941654	0.003883456857161492	0.914217194096822	1.002347289491772
1.953110933303833	0.9584382410469708	0.0023018369064468475	0.9436136085999564	1.0114639867337125
1.9565672874450684	0.9856620340568168	0.0035088218177202228	0.94880258400437	1.0325739611891844
1.9600186347961426	0.9909953914099807	0.0033047932064643845	0.9547720652568225	1.0360714281874677
1.9634652137756348	1.0054616566957266	0.003968220593290966	0.9547130398713425	1.043799745874999
1.9669069051742554	0.9984958230135388	0.0031420915347611087	0.9652287165796233	1.0445015559984445
1.970343828201294	0.968586497105365	0.0037590379724632373	0.9332132647770178	1.019920103866714
1.973775863647461	0.9282443639991667	0.0017996908185793654	0.9009618886859024	0.9609567354409257
1.977203130722046	0.9079342080576472	0.000678832148369284	0.890673746271399	0.9275202426684591
1.9806256294250488	0.9104364484743982	0.0008793967121633141	0.8806907751441868	0.922628746295956
1.9840433597564697	0.8960846768283133	0.0007148689175324362	0.885024739183955	0.9228366134440981
1.9874563217163086	0.9260413262352182	0.0015559618718776478	0.8892193820435811	0.9450040012836126
1.9908645153045654	0.9411889580412635	0.00107157337050245	0.9082687469156718	0.9545628798161259
1.9942680597305298	0.9727503459160644	0.0022776244313148218	0.9186697997522496	0.9861623835124647
1.9976669549942017	0.9775295110056099	0.002838312639591937	0.9181849525918404	0.9935283350430144
2.001061201095581	0.9595342431205175	0.0032255828977214877	0.9100458896028262	0.990365039221351
2.004450559616089	0.9231871882574912	0.004564072707217649	0.8785476041656927	0.9740889324714855
2.0078353881835938	0.9069694920589388	0.003964367754481545	0.8813362729783899	0.970379720289032
2.0112156867980957	0.9216968743677607	0.0050901231078348316	0.8883022138165482	0.9891994200002164
2.0145912170410156	0.942652416223805	0.004230019927176289	0.8872978369118691	0.9792763118630912
2.0179622173309326	0.9623095887169175	0.001869300226745624	0.920650015762622	0.9817941115813619
2.0213286876678467	0.9579350839456605	0.0007943302114309658	0.9285653258639358	0.9684233291112377
2.0246903896331787	0.9348481646049213	0.0012825366707609894	0.9110437672158107	0.9616903203218413
2.028047561645508	0.9459895694829891	0.0008444831871391471	0.9304434439102346	0.9715404799867973
2.031400203704834	0.9549927789518314	0.000985834803661302	0.9313248660329478	0.9757283524650131
2.0347483158111572	0.9667138200853416	0.0011125904416482337	0.9381492404811059	0.98532106346153
2.0380918979644775	0.9626497025336453	0.0016063475898203299	0.9310215854486947	0.9877022274672945
2.041430711746216	0.9671059925490927	0.0014384251869182937	0.9376900950651249	0.9913263735884955
2.0447652339935303	0.9756805089328663	0.001297598145775237	0.9419230246612786	0.9928660937830981
2.0480949878692627	0.9891938324121385	0.0022281147755126964	0.9414011315382108	1.008156127988105
2.0514204502105713	0.9781615840483916	0.0027875971894869077	0.9381168621915734	1.012784086453453
2.054741144180298	0.990719895032544	0.0015034220842306887	0.9584113140989192	1.0132460126798486
2.0580575466156006	0.985859740221216	0.0006708257612164394	0.9670941905493528	1.00372275211588
2.0613691806793213	0.9940366687375632	0.0005311391587072985	0.9758108042321277	1.0084034156251198
2.064676523208618	0.9964532204218164	0.0005233912548256699	0.9791577031169121	1.011511721563642
2.067979335784912	0.9984568560908779	0.0002979596929665875	0.9865334538386431	1.0109449139738578
2.071277379989624	1.0021364201771534	9.252618929479334e-05	0.9942506537122148	1.0078540495599282
2.074571132659912	1.0064567312703574	0.00023899759950740535	0.9969802380549622	1.0188433393677863
2.0778603553771973	1.0102250735477754	0.0005317197630862798	0.9973381717739189	1.0299485922890328
2.0811450481414795	1.0146173154659477	0.0007218462129132404	0.9956217679218732	1.0336177206777455
2.084425210952759	1.0252992146194042	0.0005245347722780908	1.0042945409279453	1.0366838839987176
2.087700843811035	1.0362289460651204	0.00019806654054514393	1.0242286957375364	1.0441317879869907
2.0909719467163086	1.033354532931251	0.00030463257648464067	1.0231125901001819	1.0477958871443225
2.094238519668579	1.0410756407989785	0.0004961821839687373	1.0257119522711597	1.0572137675829394
2.0975005626678467	1.052437216649217	6.90761942108637e-05	1.0449928691809842	1.0567466935978167
2.1007580757141113	1.0581719251605448	8.412323400273915e-05	1.0502090825260448	1.0631800681480197
2.104011058807373	1.0708611616695545	5.6894764505148514e-06	1.0683776752045917	1.0717509455615346
2.107259511947632	1.0720178593699388	3.415570209666524e-05	1.0678476875091407	1.0761127588453925
2.1105031967163086	1.076423178090596	4.669985016447282e-06	1.0746893146225243	1.0777454510777393
2.1137425899505615	1.0731264847584108	7.362959858052756e-05	1.0677854124778134	1.079920452533827
2.1169774532318115	1.0762909804641125	8.162273753776542e-05	1.0734741834135337	1.0862509386775094
2.1202075481414795	1.0944087165293013	6.3768692125487855e-06	1.0929423980930997	1.096513635753225
2.1234331130981445	1.0942057272899417	2.4898923404927203e-05	1.0902854876483905	1.0973422465935334
2.1266541481018066	1.0954745556235708	3.857571922012536e-05	1.0904353258641837	1.0992189150189797
2.129870653152466	1.1019257046022441	1.8975132717674643e-05	1.0992309990663174	1.1053913777426123
2.133082389831543	1.1083593344050988	1.0156584995304762e-05	1.1060299626938312	1.1105369761163328
2.136289596557617	1.109835972202039	7.200109526601463e-05	1.103351072826301	1.1153511640981217
2.1394920349121094	1.1179638314785731	2.0519680266370684e-05	1.1138000431680082	1.120206240209369
2.1426899433135986	1.1220653231165456	2.1952914436391066e-06	1.1206551415405404	1.1227505133183588
2.145883321762085	1.1269952757446562	2.79114714525889e-05	1.1238952079836584	1.131366683266705
2.1490719318389893	1.1207979671173844	0.00010277479894737903	1.1131995905789713	1.1275365915866702
2.1522557735443115	1.1140810521196214	0.00021089255863182096	1.10533111107681	1.1258685188310433
2.155435085296631	1.1063280837437781	0.0002098845690539405	1.098493364709405	1.1189816330136781
2.158609628677368	1.1087884391106266	0.000597951296971099	1.0979580398835673	1.1325398645020313
2.1617794036865234	1.1200726525622386	0.00039070207579328223	1.1094649802245915	1.1374185873547378
2.1649444103240967	1.134549175541513	0.000131634612340909	1.1286760623043048	1.144901635473898
2.168104648590088	1.1385644773776313	7.533724072865583e-06	1.1369314949844704	1.1408131760823623
2.171260356903076	1.1362143738691448	6.234934070295727e-06	1.1351185194931561	1.1386497895395546
2.1744110584259033	1.1322653079860783	6.043091120196023e-06	1.130345242466532	1.1338217611620651
2.1775569915771484	1.1304336891828102	7.223421169029477e-05	1.123304252835216	1.1353237546294082
2.1806981563568115	1.1379362363628467	1.8540301989567144e-06	1.1368525581326172	1.138778190599604
2.1838345527648926	1.138353612625886	1.3314338975434965e-06	1.1373798279424505	1.1390116575276361
2.1869659423828125	1.1322059626772238	4.0368833099995046e-06	1.1309807964163778	1.1338222338378248
2.1900928020477295	1.131229004723014	0.00016938879213060303	1.1240729060330052	1.1424788176991305
2.1932144165039062	1.1374626641431191	0.0004254354919106215	1.1241130746373096	1.153282767536297
2.19633150100708	1.1379731436994944	0.0002388790449287706	1.1288703951718544	1.1507280732246015
2.1994433403015137	1.1311746334099484	0.00021776690351587734	1.1211599744855294	1.1420294212206912
2.2025506496429443	1.1153977840130078	0.00018315886994397284	1.0985666885432268	1.117706117476399
2.2056527137756348	1.0864588801189912	0.0003482977434198673	1.0749197995121431	1.1013128949509077
2.208750009536743	1.0862916854086768	0.0007077074206762136	1.0704428324056976	1.1080648318389072
2.2118422985076904	1.1109451301821756	0.0010340379835413634	1.0921017758326654	1.1375778790857227
2.2149295806884766	1.1230896549318572	0.0002993909420288713	1.1126016232397675	1.1370716433471917
2.2180118560791016	1.1242885667268794	0.0002201941847750788	1.1142177237520474	1.1352031560694946
2.2210891246795654	1.1298807571519027	0.000164693189336432	1.1225223006995837	1.140671305594422
2.224161386489868	1.1295894114259477	4.7811515781814475e-05	1.1261324032292674	1.1359111061884348
2.2272284030914307	1.1372229648108616	0.0005820102284794795	1.1202833743643197	1.1544011183835095
2.230290651321411	1.1306544864238754	0.00029706352415227223	1.1163407792758524	1.1407155007779444
2.2333476543426514	1.1158531541270051	0.0001716302332106782	1.1097732640077305	1.1283005537831228
2.2363998889923096	1.1110018143517801	5.60287692449291e-05	1.1057827217433998	1.1163684450767322
2.2394466400146484	1.1244552436443318	0.0004398435009955524	1.110274649848495	1.1399341677473265
2.2424886226654053	1.1246419800971208	0.0002496931522720706	1.1132414338994876	1.1355883868135683
2.245525360107422	1.1214422204281083	0.000329209889722453	1.1084762806478132	1.134135972373259
2.2485568523406982	1.1154925961019209	0.0002279253441338078	1.106526139828065	1.127876799964642
2.2515833377838135	1.1118632547206906	0.00020386966902039206	1.1026097146776523	1.1228022711785213
2.2546045780181885	1.1104133860410115	0.00017832702560895424	1.0998587086423453	1.1187439952755396
2.2576208114624023	1.1054941381257068	0.0003945845313745134	1.0938519752911615	1.1219441283369682
2.260631799697876	1.107051331358535	0.0005636662442366658	1.0864488197335738	1.1200245920772345
2.2636375427246094	1.0895869111191485	0.00010561434944642882	1.0828397879465526	1.0973734970014655
2.2666382789611816	1.0849764762181315	0.00010436507303409815	1.0780729206218964	1.092520416808717
2.2696337699890137	1.0784152849799478	0.00011636182436679101	1.0727723510636518	1.0880276337137236
2.2726240158081055	1.077733701903026	0.00037938225680244963	1.0673025462667536	1.0948482267558048
2.275609016418457	1.0759279417039522	0.0007297971404403613	1.0617727126892815	1.0999773495921592
2.2785887718200684	1.070462951501152	0.00018353810387840974	1.0612950715607932	1.0804543045244799
2.2815635204315186	1.0703923662300656	8.421653471849768e-05	1.0640818432340704	1.0770600198947957
2.2845330238342285	1.0702561266385582	0.0002382530925637372	1.0628357603965315	1.0846647820220527
2.2874972820281982	1.0653550782711494	0.000294388884661304	1.0566975694577991	1.0809623127971095
2.2904562950134277	1.0198475289959743	0.00014511215536875928	1.0126169153339175	1.0296528864168208
2.293410301208496	0.9382955052620002	4.4415956550621044e-06	0.9372577036123579	0.9402381719161861
2.296359062194824	0.8840517830403732	0.0005394567055464183	0.872286671235982	0.9051334886022481
2.299302577972412	0.8753441020342146	0.0003455474495519871	0.8656866932841498	0.8919753771443961
2.3022408485412598	0.8992405805625284	0.0003940708796182429	0.885542383389422	0.9136162459529612
2.3051741123199463	0.907263302854585	0.00026282448574252844	0.8955528073615024	0.9184798431813606
2.3081021308898926	0.9229386471263291	0.00023446245290572852	0.9060794515461019	0.92773412554068
2.3110251426696777	0.9160573916554552	4.561919269953151e-05	0.9115703402145349	0.9211222188464618
2.3139429092407227	0.9082927085504854	4.144823483419079e-05	0.9042886885757145	0.91339343841678
2.3168554306030273	0.896481404424991	0.00033007270370537305	0.887415356282252	0.9131086512716212
2.31976318359375	0.86669309814969	8.291846359222827e-05	0.8605213919884936	0.8733991607076645
2.3226656913757324	0.8282328476965279	2.3350018534058984e-05	0.8241714837985549	0.8310052263360023
2.3255631923675537	0.7968081053977205	2.8000157587347295e-05	0.7931894598279077	0.800672795659921
2.328455686569214	0.8028527970019492	0.00023656467041807097	0.7923378060726614	0.814089342589334
2.331342935562134	0.8130970221183512	8.462760164627317e-05	0.8067106943583546	0.8197205061668531
2.334225654602051	0.8276018884176396	0.00023762140615581415	0.8154976578832062	0.837297722385671
2.3371031284332275	0.822131530901472	1.5993792691689436e-05	0.8203258715273835	0.8259816283629784
2.3399758338928223	0.8253253556472057	1.5309054468678353e-06	0.8244322988680995	0.8261821019695186
2.342843532562256	0.8306681043858674	9.18799490476789e-07	0.8298319212454421	0.8311875019257978
2.3457067012786865	0.8350831055939572	0.00018495441414526347	0.827063036801245	0.8462960508211673
2.348564863204956	0.8212345067042016	0.00019792839610154308	0.8105058237123356	0.8304019738978133
2.3514182567596436	0.7878040523734166	3.7837381748315526e-05	0.7833397168557915	0.792038841150606
2.354267120361328	0.7597139562201518	0.00014835476950464735	0.7534664224920214	0.770691681242162
2.3571114540100098	0.75210100163179	0.00016623719219925137	0.7451422574707041	0.7633761375953101
2.3599510192871094	0.7634324784872235	0.00018996260524499234	0.7530997539196976	0.7725914242044625
2.362786054611206	0.7673565506593655	3.874568102036328e-05	0.7633565989150893	0.7721595167291284
2.3656165599823	0.7768934511845811	5.195807076297921e-05	0.7734423347275285	0.7836362614256149
2.3684427738189697	0.7815367807726336	2.8533843762007145e-05	0.778427303639238	0.7859816194602779
2.371264696121216	0.7859350855566082	7.354204678459407e-05	0.7788544695414685	0.7909822926589611
2.374082326889038	0.780474516681275	3.70137038684059e-05	0.7767374619819922	0.7853413801439003
2.3768956661224365	0.778169257894243	2.7630942749240573e-05	0.7735059305502263	0.7809397643860395
2.3797049522399902	0.7567444255219328	7.330837355453058e-06	0.7543786363423931	0.7582076929769842
2.3825104236602783	0.7398432546705181	1.2985780116596017e-05	0.7370926893450297	0.7421889193470206
2.3853116035461426	0.7301086223565131	2.5958687672517025e-05	0.7254912143739438	0.7326965856582729
2.3881092071533203	0.720356718770213	3.882054902390561e-05	0.7172268790379286	0.726038297655144
2.3909027576446533	0.7262319530919225	5.891107598802557e-05	0.7215679606011083	0.7324225518866451
2.393692970275879	0.725998364857253	4.7097889065851504e-05	0.7206396909737797	0.7303451419232051
2.396479368209839	0.7233735958484809	4.3061472259185435e-06	0.7218941083730713	0.7248287794707988
2.3992624282836914	0.7107472959165692	nan	0.7107472959165692	0.7107472959165692
