1.9010294675827026	0.9575362592006958	nan	0.9575362592006958	0.9575362592006958
1.9045614004135132	0.8977089176348391	nan	0.8977089176348391	0.8977089176348391
1.9080880880355835	0.9576025442318501	0.0017705774907885183	0.9114614681363428	0.9922700800249656
1.9116095304489136	0.9852333744361337	0.002140739277734431	0.9371692759230729	1.0283154037618136
1.915125846862793	0.9811942828764086	0.00048496741005945313	0.9576912019420725	1.0013627569628174
1.9186369180679321	0.9685739682122836	0.00024059504496544738	0.9499155601398339	0.9788564396531432
1.9221428632736206	0.9971538729069354	0.0005333375197688056	0.9841633025987016	1.0269994287755928
1.9256436824798584	0.9915425848102531	1.1174971298317878e-05	0.9886327103530866	0.9953132012904999
1.9291393756866455	0.9494206839060938	0.0008789604428916018	0.91351933669594	0.9680323768277481
1.9326300621032715	0.9147778440389622	0.0008371924106894965	0.8839593128851126	0.9413552301438453
1.9361156225204468	0.9224997852138189	0.002301224616224041	0.8676350700990787	0.9584404528636233
1.939596176147461	0.9218096138065354	0.0005784358678961492	0.898329224062921	0.9444767204190159
1.9430718421936035	0.9178320370090078	0.00013830598214444696	0.9030391523958794	0.9250461933977654
1.9465423822402954	0.9196275949405699	0.0001084891768923334	0.9068891904087985	0.925693914965473
1.9500080347061157	0.9052118870231491	0.000499237713708842	0.8777263211628492	0.9169471463508283
1.9534687995910645	0.9157347719187815	0.0005960123875021292	0.8974192533793489	0.939883569654559
1.956924557685852	0.9200089971914992	0.0015687688021121546	0.8787564314604699	0.9572619537360975
1.960375428199768	0.8916627343743722	0.0009463923049619801	0.8658700351421028	0.9211665616871328
1.963821530342102	0.9079289901142528	0.0009700244547644801	0.8698953441011644	0.9262077717032503
1.9672627449035645	0.9001026742383161	4.392042482772658e-05	0.8936836891062784	0.9060811761430155
1.9706990718841553	0.8798163729612422	0.00027318596789648947	0.8708406519047562	0.9004158936246559
1.974130630493164	0.858929069800509	0.000305385138891506	0.8417065774497899	0.8766570781686778
1.9775574207305908	0.8570608793297712	0.001500895511555984	0.8143791147210755	0.8908222819908039
1.980979323387146	0.8546976386545335	6.486343621649464e-06	0.8522483895212014	0.8568293943276747
1.9843965768814087	0.8690024929699399	0.0010941199160817152	0.835133998424352	0.8968615003381308
1.9878090620040894	0.8496079978922741	7.392370955118454e-05	0.8408872833603618	0.856989673447033
1.9912168979644775	0.8566357191897855	2.1120794438416877e-05	0.8506699774856089	0.859539056757385
1.9946199655532837	0.8941454831417053	0.0002837719518403022	0.8739553494119351	0.9056300671486152
1.9980182647705078	0.8963986021742607	0.0005857484623300949	0.878968484337876	0.9210226979137972
2.0014119148254395	0.8678617412252236	0.0007682116703138081	0.8473110745861444	0.8996430000438813
2.004801034927368	0.8612774704609738	0.0010286274159733429	0.8224430192904996	0.8821321484880965
2.008185386657715	0.8321199152097585	0.0015865404947215528	0.7906642503942783	0.8697370423957734
2.0115652084350586	0.8340642312906893	0.0002669529803460152	0.8136910015643481	0.8420677351368949
2.0149402618408203	0.8483164915588389	0.00012510098578035313	0.8345239900146162	0.8555588500535956
2.018310785293579	0.8770994503700527	0.00034574533161070044	0.8573336024158724	0.8943819835565034
2.021676778793335	0.8948655095779832	0.00046033235922118994	0.8715482408667807	0.9140059370725382
2.025038003921509	0.8835330748751253	6.262792103639085e-05	0.8777588362426832	0.8931845246073287
2.0283946990966797	0.8821831831801578	0.0002571080284660688	0.8642964188850029	0.8957740004387168
2.0317468643188477	0.8653952072435959	0.0006447786406955603	0.8420475130996439	0.8898792944733359
2.0350944995880127	0.8884218479692705	0.0008566343655399499	0.8670490041310942	0.9178196204384819
2.038437604904175	0.9099479401223303	0.00021347667127583284	0.8959184186035554	0.9238205349532611
2.041775941848755	0.9094637781411511	0.0007055048869791376	0.877374651991469	0.9257896643145256
2.045109987258911	0.9208376342153743	0.0019661802298580246	0.8657852222156679	0.945803555031707
2.0484392642974854	0.9356226492758754	0.0005517185576105937	0.9138755348800366	0.9586998936109593
2.0517642498016357	0.9168251161268854	0.0007793694129968079	0.8948777968806978	0.9450066613855596
2.055084466934204	0.9385083881325287	0.0006914734087919824	0.9105087437426003	0.9626683071499502
2.0584003925323486	0.9327232411690183	0.0009385119796122064	0.8958914669064013	0.9562780188808425
2.061711549758911	0.925890763478336	0.00046625019210302747	0.9025977885411585	0.9455316433983713
2.06501841545105	0.9533676726877943	2.165254858984937e-05	0.9476513877300007	0.9563889392416876
2.0683207511901855	0.952517588585521	6.0935446175176825e-06	0.9499679006505507	0.9548569036528922
2.0716183185577393	0.9575890731859439	0.0012228540120057284	0.9146752495038755	0.9804483544304773
2.074911594390869	0.956938607189338	0.0013451588075015359	0.9124082659328624	0.9839594557956834
2.078200340270996	0.9677900271807325	0.00027241103087614633	0.9471878807912346	0.9778367499216314
2.08148455619812	0.990512501483655	0.00012517793808215975	0.9775171264708772	0.9990148000285747
2.084764242172241	0.991578473043003	0.00013440302547396694	0.9772923898634138	0.9987511062634433
2.0880393981933594	1.0090161600702154	0.00023698788573527728	0.9914063139077691	1.0220416865326485
2.0913100242614746	1.0128640964463984	0.0001708837614589498	0.9968678487509623	1.0220923925226753
2.094576120376587	1.023627368867896	0.00044584621013393143	0.9987316301623397	1.040783716526255
2.0978376865386963	1.0153641451978799	0.0003212051559750744	0.9977101489146734	1.032680230316086
2.1010947227478027	1.0279560936208905	0.0004687862651210822	1.0107426659245489	1.049930992965948
2.1043472290039062	1.033566291670526	0.0005880598824848898	1.0156800737368048	1.0581175757488916
2.107595205307007	1.0509723909544597	6.569678564947174e-05	1.0440125087211085	1.0589828186264834
2.1108386516571045	1.060152157245631	3.1095718383791476e-06	1.0583808639419154	1.0618250350145957
2.114077568054199	1.0631289139419164	0.00023466241702067663	1.0472787920545195	1.0773985158050112
2.117311716079712	1.0802199061228128	0.0003999383027777163	1.0558773206319367	1.0942755222456828
2.120541572570801	1.0924109215295859	0.00023864930702598118	1.0780458239299686	1.1074304920752238
2.1237666606903076	1.0864086009379572	0.0006644405674322636	1.0545206892287393	1.1045017514217856
2.1269872188568115	1.0924197081124263	0.00047030373922929517	1.0637446094414527	1.104692943609819
2.1302030086517334	1.0941931578650943	0.0008085264645743533	1.0602262204098842	1.1142086843215735
2.1334145069122314	1.1145778326585793	8.514581736097431e-05	1.1034926716726252	1.1215276743181095
2.1366212368011475	1.1122318181735042	6.478506475348182e-05	1.1023033054109446	1.1164647472494604
2.1398231983184814	1.1139985037394406	4.0871315494140364e-05	1.1066135367532457	1.1193540335096603
2.1430206298828125	1.1177071433781463	5.2694361086136625e-05	1.109873257735133	1.1243601734230289
2.1462132930755615	1.1298104350679274	0.0005487933964899371	1.1012923782570754	1.1429069032286026
2.1494014263153076	1.1453200419395697	0.0004584969416610851	1.1218662949793194	1.1645472664709415
2.152585029602051	1.141810492090961	0.0009997795041521806	1.1023634100807038	1.1572039153902622
2.155763626098633	1.135139691988019	0.001678110816180639	1.082944831536545	1.1623384145411824
2.158937692642212	1.1423614634796748	0.00025626087542501743	1.1251957571155335	1.1570075705260137
2.162106990814209	1.1553655960534324	0.0004405675578390815	1.1296182542000364	1.1668399563809546
2.165271520614624	1.1613530369389695	0.0020015452486841774	1.105230784445176	1.184659939682943
2.168431282043457	1.1577582666106252	1.4189731714032832e-05	1.1533200162728396	1.1607964348113222
2.171586513519287	1.1679987709746185	0.0001249253607144752	1.1569608317265498	1.1779332260286814
2.174736738204956	1.1629239962424796	0.0004363953976020461	1.1394543118529772	1.1804788089629705
2.177882194519043	1.1673411576753645	0.00041889694393306115	1.1424330706649797	1.1802665990031447
2.181022882461548	1.16107238643483	0.000709279445121417	1.12779197857961	1.1757746953618877
2.1841588020324707	1.1514959023536901	0.0005559760116581181	1.1284828245159513	1.1755949901745655
2.1872897148132324	1.1438139549524486	4.245154846969255e-05	1.1373465590574527	1.1503771430287693
2.190415859222412	1.1490794731521525	0.0004328817098544981	1.1237442085542657	1.1638007272373898
2.1935372352600098	1.1606075586039146	0.0006202366926151004	1.1366649304528356	1.1863761859772293
2.1966536045074463	1.1796230313361742	0.0004075957251520926	1.1639788012450742	1.2038044324529136
2.199765205383301	1.183089377154895	0.00035710997145662845	1.1700995840700448	1.2055382750770554
2.202871799468994	1.154510768810626	0.0003616073530188339	1.1354797713098423	1.1726273453657206
2.2059733867645264	1.159077216131935	5.5251018620034954e-05	1.1520895298404255	1.166903799248685
2.2090699672698975	1.1664839671999359	0.00034481640778109016	1.1483177233024313	1.1854243215786402
2.2121617794036865	1.1720753696433825	0.00019564782506798737	1.1604333222866063	1.1883886956949756
2.2152485847473145	1.17835984150196	0.0006054384269864175	1.1661417014310036	1.2089533176446652
2.2183303833007812	1.1548879137819321	2.9555668056730118e-05	1.1503967008975005	1.1610006028166484
2.221407175064087	1.1600256076769992	4.042865648482523e-05	1.1541119024943756	1.1667585276653263
2.2244787216186523	1.1597127160559326	7.44562208259207e-05	1.1517651554322001	1.168250654817942
2.2275454998016357	1.1676812702683836	0.0002807699515999551	1.1569852110363346	1.188279915099032
2.230607271194458	1.1570125727540916	6.571373571139537e-05	1.149118522622737	1.1653150630925726
2.23366379737854	1.1411502498045425	0.00021595593748312644	1.1230117492489866	1.148503694680692
2.236715316772461	1.149104680531283	0.00010466561376441981	1.1365417991738356	1.1544570810783668
2.2397615909576416	1.1490100848228035	0.00014737039391632485	1.1384931152054047	1.162765860317026
2.242802858352661	1.1567357493783617	0.00035829905638643894	1.137560924983745	1.1708716428637396
2.2458391189575195	1.1551724395230358	5.234599444681355e-05	1.1500632630866927	1.1637382228608975
2.2488701343536377	1.1449692873963384	7.527224055741655e-06	1.1432256768658013	1.1483466409761245
2.2518961429595947	1.1483736879926247	3.477276983063511e-05	1.1450329913811672	1.1555710689851768
2.2549169063568115	1.1449149348448389	4.0604047449688506e-05	1.1384951257902316	1.1499289816221112
2.257932424545288	1.138846783541057	5.331937389948111e-05	1.132337027413943	1.1469300087934096
2.2609429359436035	1.1288260421309977	0.0007169478068171155	1.104735168782432	1.158219297848735
2.2639482021331787	1.1247504853550327	0.000561555774921222	1.1033449715214139	1.1506674297243595
2.2669484615325928	1.120351002190552	0.00013315503843631466	1.1138588184397638	1.1343711740676141
2.2699432373046875	1.1356981460081725	0.00036176197288071446	1.1214215012382136	1.1585560290726307
2.272933006286621	1.138810365344482	5.463041229620256e-05	1.1325233478482366	1.1472855687056709
2.2759175300598145	1.116711406634082	0.0003904941390664999	1.0992252241308784	1.138594242649992
2.2788968086242676	1.1065658106130367	0.0004289411143099609	1.0859436092848727	1.1247862184230235
2.2818710803985596	1.1052681909345645	0.0003720434544264619	1.0897426919307989	1.1279544042943168
2.2848398685455322	1.1094351847039194	1.8813790994030903e-06	1.1087260621301607	1.1111020804893479
2.2878036499023438	1.120645790553243	0.00037683017456739345	1.1009626197544258	1.1350109787367788
2.290762186050415	1.0782537383232818	0.0016030401979657833	1.0378732340441608	1.1105899203423668
2.293715476989746	1.0050643083902426	0.0011784209880810299	0.9768907735312822	1.0450862834165713
2.296663761138916	0.9525988250507212	0.0007935581443011297	0.9274908770869672	0.9838247180196413
2.2996068000793457	0.9438819705314089	0.00046435438426072057	0.9223288041337666	0.9616610017905804
2.302544593811035	0.9443458294898095	0.00017747805036781147	0.9347564179320366	0.9598580405807453
2.3054771423339844	0.976845985221073	0.0010781152569551149	0.9520078469594794	1.0173972307603465
2.3084046840667725	0.9596287029400727	0.00042964853969540575	0.9468537422829091	0.9849420208985609
2.3113272190093994	0.9683085128430918	0.00032855933772269033	0.9516563949316198	0.9876963072135986
2.314244508743286	0.9608899079933606	0.0002487619229033863	0.9471270572725673	0.9786667005150979
2.3171565532684326	0.9490494175206251	0.0004615060872517562	0.9313763523545968	0.9742415311733582
2.320063591003418	0.9226974261465749	0.0009881981404737353	0.891447920971625	0.9508984657925369
2.322965621948242	0.8771015635407375	0.0008292201708962162	0.8554071183993718	0.911706746647427
2.3258626461029053	0.8692076144279962	0.0018427710490591758	0.8333980799669957	0.9189788154118238
2.328754425048828	0.8805034319542724	0.0010498907800451875	0.8480959401673829	0.9065752539586367
2.331641435623169	0.8771524691643428	0.0008032581666172046	0.8508219404055802	0.9071681881764612
2.3345234394073486	0.8895158846491935	0.0005570080574464192	0.8688670360166236	0.9160630233967121
2.3374006748199463	0.8972153985526039	0.0012141665437557926	0.8634197041593205	0.9306390770879669
2.3402726650238037	0.8997135066900718	0.002451396417593091	0.8519814091175225	0.9484379148158728
2.343140125274658	0.8982496311915056	0.0008485002582929524	0.8742841488650547	0.932388554832835
2.3460025787353516	0.9097498574262939	0.00021109184174450326	0.8950893634483452	0.9219095143390783
2.348860263824463	0.8915556841344909	0.00030035746482931296	0.8816878460998356	0.912315246801092
2.3517134189605713	0.858959887077531	0.0011835993302279722	0.8403320169634143	0.9007030603801729
2.3545615673065186	0.8316464271748545	0.0016883428758294168	0.7903598359382408	0.8638945551515309
2.357405424118042	0.8297116934087417	0.0005818527465387075	0.8128769184877597	0.8595401713867158
2.3602445125579834	0.8515433307977898	0.0028180889918983047	0.811684495947747	0.9153328232123141
2.363079071044922	0.8518802556936375	0.0003259641863332252	0.835081966473805	0.8709149356113104
2.3659090995788574	0.8491774529863748	0.0006332430037236058	0.8275841764134525	0.877845814970585
2.3687350749969482	0.8409935233095132	0.00021999035615870148	0.8261717206597999	0.8531934195731249
2.371556282043457	0.8393635310422629	0.0011381150686774774	0.8124326524668185	0.8785316521844463
2.3743736743927	0.870785004136606	0.0009763008488912674	0.8412451595611787	0.9004738516990668
2.3771865367889404	0.8470440746123616	0.0007016184596826485	0.8241089113535875	0.8770744717086733
2.379995346069336	0.8260844575679424	0.0015569382757214655	0.7874939457136944	0.8627834535480627
2.382800340652466	0.778222926885915	0.001677261285490933	0.7383664749124874	0.8186455177570988
2.385601282119751	0.7788153115738126	0.0014769388781486134	0.7474467368095498	0.8233963506569767
2.3883984088897705	0.8101229519755925	0.0019081285146970606	0.765936924143891	0.8417803298707837
2.3911917209625244	0.815486562823779	0.0023366829441439194	0.7691095170540759	0.863317299885717
2.3939812183380127	0.8078737060380676	0.0010632380802028437	0.7762396888134071	0.8382385071733272
2.3967673778533936	0.7912246588572076	0.0011585886684436538	0.7583746699142596	0.8232429883448527
2.399550199508667	0.8064563641160787	0.0005148668100672937	0.7901779576280008	0.822267420386586
