1.9032760858535767	0.9595153283548284	0.0030007208857104613	0.8714705120033651	0.9943500609237699
1.9068046808242798	0.9773715181065792	0.0050205438343674524	0.8763086872583828	1.025943808033619
1.9103280305862427	0.9975747073079871	0.00389794776003866	0.9044539605334425	1.0292580303397973
1.9138462543487549	0.9942560142305813	0.0007641845691761148	0.9633251747903844	1.0133154903059436
1.9173592329025269	0.9831040153620209	0.0009198463456098512	0.9451777920727282	1.0165694831202816
1.9208669662475586	0.9608209898029655	0.002988268322580744	0.8702491792754382	1.008660422976913
1.9243696928024292	0.9803069273158049	0.001290632868294032	0.9125179563898486	1.0040565940142212
1.9278672933578491	0.9706566083091999	0.001536071841926649	0.9086755810746793	0.9967004492417042
1.9313597679138184	0.9571719411246546	0.0010155599168510973	0.914523910275799	0.9951708884826568
1.9348472356796265	0.9319932365121185	0.001093007222009826	0.9115987547453219	0.97811863365604
1.9383295774459839	0.9156847832737003	0.0013665420857796229	0.8901822430485187	0.9727653203705096
1.9418070316314697	0.9272230278169699	0.0011839805775594719	0.8958825398339055	0.9884119391371723
1.9452793598175049	0.9202103417380741	0.0009909219479363601	0.8846745155126026	0.9735033937453821
1.948746919631958	0.9212328635793704	0.0002650936400568159	0.9028400408158697	0.9392126727825997
1.9522093534469604	0.9146402366001473	0.0007879358892942486	0.8846108846090928	0.9496790671982016
1.9556670188903809	0.8944034397867572	0.001330872557271948	0.8654170205532689	0.9459135847485688
1.9591196775436401	0.9073464393130877	0.0002521185562203154	0.8897055470155022	0.9259641326402107
1.9625674486160278	0.9071058620580852	0.00036186622830406805	0.8841312195709169	0.9351931131592974
1.9660104513168335	0.909912254436465	0.0007846811612616325	0.8877520038422715	0.95918387563846
1.9694485664367676	0.8863482576261315	0.0009592182826845461	0.8378866020612831	0.918547224555246
1.97288179397583	0.8902986694232475	0.0004529236610268332	0.8513258584893507	0.9063211613030798
1.9763103723526	0.8744743507977905	0.0003304286055099117	0.851406902782426	0.8987519800584916
1.9797340631484985	0.8661855442364447	0.0002681207997003015	0.8364907327601437	0.8774687118080405
1.983152985572815	0.8626345938431292	2.6415772316213695e-05	0.8578921575567687	0.8687848276109431
1.9865672588348389	0.8593416160469836	0.00012527209335235048	0.8502068550733389	0.8797513156522521
1.9899767637252808	0.8605592867920356	0.00031681507743062	0.8471555772151808	0.8930297705282845
1.9933815002441406	0.8605853549399876	0.0006342805044207503	0.8397603802530118	0.8995756161121289
1.996781587600708	0.8608092112407117	0.002081269678725452	0.8117335151809324	0.9342550759187526
2.0001769065856934	0.9113306864091508	0.0025491603919177565	0.8617637097429767	0.9857861189973582
2.003567695617676	0.8756053072216108	0.0021149844525966007	0.8146196126320855	0.9415660151569263
2.006953716278076	0.8822951859543074	0.0028108256714215888	0.8331019535857077	0.9540414034202623
2.0103352069854736	0.8845246006499744	0.0017625886158746428	0.8060431632981166	0.903913264411665
2.013711929321289	0.9006194365377111	0.0007583423437923877	0.8552323878732704	0.9178880288690614
2.0170841217041016	0.9106028947104445	0.0005421406647877226	0.8781048001241416	0.9405483337130136
2.020451784133911	0.9155688499708998	0.0008552236611157317	0.8903039744069485	0.9590708008271355
2.0238146781921387	0.9140200280334618	0.0008592799695900322	0.8758777125455492	0.9488399934929324
2.0271730422973633	0.8936040873095983	0.0003530770182094329	0.8613190177510679	0.9132278068960957
2.030526876449585	0.904588635189131	0.00032637047942485906	0.8792099926567937	0.9206847755592469
2.0338761806488037	0.9011996397189552	0.00024754467873957647	0.8775942924865436	0.9190813848347703
2.0372209548950195	0.9160031636353297	0.00034213432993371047	0.8914575091321858	0.9370836029242041
2.0405609607696533	0.9141886412162241	0.0003504865299871281	0.8896163003534004	0.9325905700717373
2.0438966751098633	0.9347032299982838	0.00017329715538650018	0.9173651558035809	0.9506231107097853
2.047227621078491	0.9243814616394613	0.000689873048597491	0.8966932457365296	0.9626196231465938
2.0505542755126953	0.9482418497560533	0.0005343610113155155	0.9089676296192594	0.9730488679437675
2.0538761615753174	0.9571045499459014	3.453420742155993e-05	0.9474203726353594	0.9640047654819734
2.0571937561035156	0.9717830514368929	0.0012700345114611026	0.935378344378991	1.0248499804999835
2.060506582260132	0.9734593163396948	0.0003719682038493114	0.9411019239753071	0.9903378236849188
2.063815116882324	0.9672529606828822	0.0007527104886032761	0.9259759415755558	0.9962452704166836
2.0671188831329346	0.9850630348777203	0.0007900299413394683	0.9452160618063566	1.0056626966508113
2.070418357849121	0.9923214127553758	0.0006263268392764868	0.9607225995616693	1.0140433788948442
2.0737133026123047	0.9940115823132084	0.00022018486929903155	0.9782888212755024	1.0160863807441363
2.0770034790039062	0.9985680317693556	0.00033311685859066265	0.9778218895673256	1.0209374611089608
2.080289363861084	1.0125702137360724	0.00011946206763737116	0.9934902971835985	1.0221461848793056
2.083570718765259	1.0192768184932917	0.0004383023678996198	0.996290691515677	1.051117997001126
2.0868475437164307	1.0070290539174682	0.00020327588891529697	0.9838020151858836	1.022105597230101
2.0901198387145996	1.0257669822220796	0.00015628437644773453	1.0108886727708688	1.0381660766708365
2.0933876037597656	1.0334633111116112	0.0001290121962288794	1.0223218139575465	1.0501617001018444
2.0966508388519287	1.0416592164110434	0.00028569566154914357	1.0258715773365588	1.0632469729737193
2.099909543991089	1.0417238145630026	0.0004015051294586113	1.0148769111090448	1.0606494976430652
2.103163719177246	1.054244382000572	0.0001272464980516312	1.0396802519111428	1.069264138949853
2.1064133644104004	1.0626200291028594	8.05966443405077e-05	1.0504661276643188	1.074338427513161
2.1096582412719727	1.0594087509427657	0.0002741072566186208	1.0340735180296694	1.0802636445357745
2.112898826599121	1.067816237878764	0.00022668023141546992	1.057686006639744	1.0913661537971433
2.1161348819732666	1.08949586651894	0.0006570247505224479	1.068611234825753	1.1327415762600062
2.11936616897583	1.0833485757516372	0.0007793638024238153	1.0634720462387013	1.1241097857750113
2.1225929260253906	1.0898696047139278	0.0001886209931201061	1.0737444655644803	1.1052029131499188
2.1258151531219482	1.099688522679582	5.1080995969722004e-05	1.0886840530499142	1.1081272147399712
2.129032850265503	1.1004836649002425	0.000539889659606069	1.0782148878442117	1.12443769910148
2.1322457790374756	1.1083902162615529	0.0006149106343542689	1.0744214691250855	1.128655373018211
2.1354541778564453	1.108164779685886	0.0002421982532150052	1.0865018183509427	1.1238636176279513
2.138658046722412	1.1102498318723955	0.0001677336268732808	1.0965415836673285	1.1303173556220205
2.141857147216797	1.122540717975138	0.00020554515448841526	1.0998142578139647	1.1317574784268427
2.1450514793395996	1.1317832287966405	0.0002737111815976895	1.111140688464361	1.1475121772780819
2.1482412815093994	1.1278175292285997	0.00014226611374526884	1.1078227877092772	1.1358557866346648
2.1514265537261963	1.1259518364795489	5.572510820522192e-05	1.1176642467471614	1.1378218595723013
2.154606819152832	1.1288817071300523	0.00012001799585116854	1.1157655778268238	1.1427704193822625
2.157782554626465	1.1335872653525034	0.00011365574684765704	1.1241231456486251	1.149634821448414
2.1609537601470947	1.1353300872753185	0.00030465506577029327	1.1132403082447548	1.1539645434211379
2.1641199588775635	1.1419169268267095	0.0008323551938678733	1.1064908567818283	1.1647544941817085
2.1672816276550293	1.15111060377431	0.0007724141072948424	1.119338067264468	1.182114380602991
2.170438289642334	1.158050562210497	0.0009066330763604898	1.122863223725893	1.1942659192687974
2.1735904216766357	1.1480844411822444	0.001325027711427884	1.110281316874669	1.194726857014034
2.1767375469207764	1.1393952594029235	0.00035558573733660004	1.1195405252173418	1.1642644413324579
2.179879903793335	1.150683024524103	0.0005248827061657681	1.1254457225561263	1.1881521292118151
2.1830174922943115	1.1463207807489986	0.00011179374420820977	1.1308511011692968	1.1603092145598142
2.186150312423706	1.1457977072809868	0.0001977740133477707	1.1356635714746937	1.169208017755621
2.1892783641815186	1.1342194889219779	0.0002351792754138547	1.1209837726238132	1.1630294833038892
2.19240140914917	1.143816178368965	0.0003357569593473904	1.1257866580032339	1.168863215258882
2.1955196857452393	1.14195949706449	0.00012068357311027432	1.1307244779215673	1.1597899448182138
2.1986329555511475	1.1378380511322188	0.00043347596305305446	1.102743292190538	1.152448423300791
2.2017412185668945	1.1487042383973212	7.689072492123692e-05	1.1362729038111192	1.1599637756262446
2.2048447132110596	1.1416991487338153	0.0001407655553859904	1.1229562366962296	1.1557551194651348
2.2079432010650635	1.146861355611893	0.00028064899110818526	1.1342052745130196	1.1776769766739321
2.2110366821289062	1.1468594620054828	0.00014699027694570766	1.1320795140082822	1.1647826088619502
2.214125394821167	1.1349068224271806	0.000301869179947414	1.1169389928973603	1.1557892804067547
2.2172088623046875	1.1381689377407913	0.00028669330906905033	1.1166904674758626	1.162224641405902
2.220287561416626	1.1330843537944635	0.00012409654096759196	1.1145915524421173	1.1446958614404703
2.223361015319824	1.1290593044479968	0.0007106151346667489	1.1123013876224521	1.1808380755465726
2.2264297008514404	1.1404578723742242	0.00047467957168517786	1.113013923591268	1.165708972955568
2.2294931411743164	1.133587109832038	0.00017712832491941687	1.117208049151542	1.1496055301409347
2.2325515747070312	1.1212565014559561	9.24496619042674e-05	1.115511805995537	1.140307916824296
2.235604763031006	1.124751889027776	0.00037407505907471487	1.1001984654921602	1.151723272149033
2.2386531829833984	1.1232746938859934	0.00011737828327163065	1.1110106483698845	1.1381404413173808
2.241696357727051	1.1319019366289191	0.0002872558527020101	1.1124636918099557	1.1586342041695166
2.244734287261963	1.1310076129857316	0.00036909998356659694	1.100851469626019	1.1512330727566122
2.247767210006714	1.1137829077192491	0.00025478700968070104	1.0958628379948165	1.1388070747888992
2.2507951259613037	1.124592583619887	0.0001430444413839758	1.1133898326010372	1.1438184873708594
2.2538177967071533	1.1182932490017665	0.00027891910179296585	1.0962676898791506	1.1414873250222808
2.2568352222442627	1.116132688263677	0.00015105869776258786	1.101079243110649	1.135395174886809
2.259847640991211	1.1025464964953637	0.00017508017679994807	1.090556353837175	1.1216183831702298
2.262854814529419	1.099585178636118	0.00012152906082767542	1.088759295807894	1.1124840752081167
2.2658567428588867	1.1053305884006097	0.00019155444334373908	1.0924717741477417	1.1311507970232706
2.2688534259796143	1.0985954505611646	0.00014937431059496088	1.0860795515863428	1.1149581198708132
2.2718451023101807	1.0988898223096664	0.0003709573448416437	1.077844893361928	1.1295222045728246
2.274831533432007	1.0994681897486278	0.00040023550277796843	1.0756475217786183	1.130227191043463
2.2778127193450928	1.0826245271213641	0.0003516989371650895	1.0596618969278504	1.1047945630457718
2.2807888984680176	1.07947280160473	0.00030789712758158626	1.060902955306446	1.109419972618604
2.283759593963623	1.0891440160807488	0.00014790260061634203	1.0756087924578681	1.1049960603387219
2.2867252826690674	1.09124094284602	0.00016301383004433764	1.0726492225986417	1.1086522649407493
2.2896857261657715	1.0768496835259496	0.00010083512123908157	1.0600223527647608	1.0836475633066363
2.2926409244537354	1.033871257539081	0.0008709847408456367	0.986595771675496	1.0609340560926537
2.295591115951538	0.9783343031323257	0.0003422075424232225	0.9555545279572238	1.0026263078816782
2.2985358238220215	0.9489608454210658	0.0009188597463422533	0.9020292946251911	0.9744764949044953
2.3014755249023438	0.9417882682694078	0.0006707789070512173	0.904897743483791	0.9728123972728333
2.304410219192505	0.9371316058424184	0.00026533243900995145	0.9220781586117064	0.9601344051860847
2.3073394298553467	0.9533939592810388	0.000657323384580896	0.9272260211977168	0.9914419910526069
2.3102638721466064	0.9482645619588901	0.0008688152824385006	0.9210721492855063	0.9857070056939644
2.313182830810547	0.9406568024118286	0.0004293952280731395	0.9215602582035302	0.974055272599386
2.3160970211029053	0.9381880842497512	0.000295089505864105	0.9248386045422698	0.9684065022244818
2.3190057277679443	0.930111368652043	0.0012554737543267538	0.9015837944713017	0.9898599493038326
2.3219096660614014	0.9230021417804674	0.0021968611528076507	0.8775684077314168	0.9938633068807097
2.324808359146118	0.8987824040447795	0.0008046963499333535	0.8714938580273001	0.9429759050359671
2.327702283859253	0.8890646361036281	0.0012948342757324778	0.8470921503264957	0.9313137947053793
2.3305909633636475	0.8728928365933413	0.0010166632247946012	0.839098556954055	0.9271286717462319
2.33347487449646	0.8820575355761305	0.001252615468645399	0.8535013707658641	0.926445850403859
2.3363537788391113	0.8928747179077935	0.00188237823044266	0.8309575383191696	0.9484249696906758
2.3392276763916016	0.8904895320243083	0.0012221881646325332	0.8477569829656637	0.9370636103916256
2.3420968055725098	0.896613574206868	0.0010365526423087802	0.8555544515992314	0.9352251479120672
2.344960927963257	0.902156065647502	0.001404141687533368	0.8650135857873819	0.9549697146447139
2.347820520401001	0.9162565123381663	0.0013727814504436182	0.859976479998729	0.9593767852683946
2.350675106048584	0.8968375979044457	0.0022537373914495794	0.8533184990475198	0.9506301178127121
2.353525161743164	0.8802071016299151	0.0006264795421687891	0.8449325162124353	0.9136536879706593
2.356370449066162	0.8591025200915392	0.0015174338255666898	0.8145873525938515	0.8981831932303248
2.3592114448547363	0.8482346674075345	0.0014655181230840393	0.8031195930123699	0.9100600594201381
2.3620476722717285	0.8595866749559039	0.0017288631029281588	0.8090517830166463	0.9122890778090539
2.3648793697357178	0.840941318293385	0.00254459021067998	0.7763176830764599	0.9147659107667374
2.367706775665283	0.8545846634193215	0.0008634039885756665	0.8250631664156554	0.8994319796855991
2.3705296516418457	0.8658247889515941	0.0010323359209647382	0.8277840970726342	0.9098135351902932
2.3733484745025635	0.858664629880429	0.001819962051337769	0.8083803716004486	0.9173095075078295
2.3761630058288574	0.8540864361545473	0.0020941905564610085	0.7843113210714033	0.9115260366942545
2.3789732456207275	0.8500268596401951	0.001290786802177859	0.8000535324835161	0.8893762099566411
2.381779670715332	0.8452999142271905	0.0011240659986768865	0.805029111401685	0.8896466421740883
2.384582042694092	0.8508887006171896	0.0021509969822216322	0.7925453666661698	0.9009612955639632
2.387380361557007	0.8342770692067414	0.002645418257726074	0.7735157495685556	0.9021528552551673
2.3901751041412354	0.8340785561170684	0.002906809880122049	0.775325787279584	0.9092002750811718
2.3929660320281982	0.8496395560032601	0.003357649892256758	0.7806202610848563	0.9095868994391973
2.3957536220550537	0.8160635058826963	0.0024058971889220297	0.771031705939635	0.8754831798925641
2.3985373973846436	0.824681123281177	0.0035138698547840796	0.7832244451480277	0.8983459063258581
