1.40149	0.534308747278	nan	0.534308747278	0.534308747278
1.40576	0.547817063866	nan	0.547817063866	0.547817063866
1.41003	0.555416999586	0.00346256001594	 0.51708207503	0.621416870712
1.41429	0.558256772814	0.00235428504384	0.521032403962	0.614830490029
1.41856	0.536014355585	0.00230181459283	0.491856804556	0.583680113991
1.42281	0.542806768391	0.00240820895156	0.497469449379	0.585532969876
1.42707	0.548786815893	0.00217380052982	0.506122117914	0.588374107652
1.43132	0.539678036417	0.000758008964158	 0.51327235284	   0.567315339
1.43556	   0.557901133	0.000432905628531	0.538084971802	0.575086208876
1.43981	 0.57512665241	0.00142425753529	0.538693179141	0.604493770558
1.44404	0.586013332427	0.00123583780481	0.552724791198	0.622582700669
1.44828	0.613894813365	0.000266253755376	0.599687609985	0.631915806528
1.45251	0.632536621427	0.000281319816669	  0.6161450201	0.645729561571
1.45673	0.651951830741	0.000488891018796	0.632441187043	0.675533032166
1.46095	0.670096204722	0.000419790464231	0.659383812819	0.698723093242
1.46517	0.655424589712	0.000278656145672	0.640440421495	0.673556827932
1.46938	0.658320948046	0.00117288577439	0.628983754452	 0.69621084622
1.47358	 0.67812026423	0.000326890302414	 0.66173864243	0.697759964795
1.47778	 0.69554387431	0.000266161962522	0.680656411224	 0.71322712914
1.48198	0.707267266671	0.000117522952274	0.696933748587	0.718598660296
1.48617	0.728388410045	0.000434726646056	0.698913275714	0.738309187557
1.49035	0.730776255188	0.000191588198638	0.720699121151	0.745455214528
1.49454	0.750694721581	0.000629218543228	0.733290449128	0.777416076808
1.49871	0.766819374119	0.000283553061368	0.752185508968	0.783859426041
1.50288	0.799994296719	0.000501993775128	0.783398761109	0.828149700507
1.50704	0.808722681887	0.000331047614811	0.794578585661	0.830964475402
 1.5112	0.828874524639	4.46666307415e-05	0.823475912482	0.835901488555
1.51536	0.864665974178	5.69621773669e-05	0.858480875637	 0.87350658948
1.51951	0.884602923129	0.000260780855981	0.871265820122	0.900757631764
1.52365	0.893281307598	0.000139703296925	0.883996981998	0.905096181423
1.52778	0.933922242237	0.000254048264829	0.911765456764	0.941117703529
1.53192	0.958526356834	0.000328829134019	0.932976395444	0.965606100485
1.53604	0.967822732295	0.000931454675852	  0.9262242716	 0.98502731371
1.54016	0.993093383193	0.000627331917103	0.957740307392	 1.00257036054
1.54427	 1.03258858016	0.000128538034405	 1.02312363995	 1.04373885289
1.54838	 1.04753664859	7.92152759906e-05	 1.03830942355	 1.05586367207
1.55248	 1.10200845306	0.00147972797954	 1.05358279548	 1.13051711573
1.55658	 1.10939281628	0.000823061283173	 1.07182808911	  1.1287117404
1.56067	 1.12450026347	0.00119556386645	 1.09713320532	 1.16000030466
1.56475	 1.13265616437	0.000372861260177	 1.11579482479	 1.15265486181
1.56883	 1.15883149616	5.81725555135e-05	 1.14914104334	 1.16434922251
 1.5729	  1.1904144288	0.00056989585554	 1.16586310997	 1.21229398004
1.57696	 1.20704920231	0.002054539396	 1.16591691846	 1.25142113145
1.58102	 1.19267170645	0.0013723693195	  1.1661072663	 1.23102774332
1.58507	 1.20265742706	0.00182829258618	 1.15622920315	 1.24060639814
1.58912	 1.20863922458	0.00154678291095	 1.16137927105	 1.24003555203
1.59316	 1.24931159684	0.00126363697037	 1.20596386882	 1.27705879585
1.59719	   1.264875013	0.001570820185	 1.23075531548	 1.30444939878
1.60122	 1.26282636603	0.00296366351508	 1.22111022626	 1.32063413751
1.60524	 1.27153203829	0.000916503253309	  1.2414833652	 1.30200155343
1.60926	 1.26966923771	0.000791819570677	  1.2415905235	 1.29781804986
1.61326	 1.27970349906	0.000836722524086	 1.25184166079	 1.30937678991
1.61727	 1.30365005686	0.00269439555708	 1.25925292911	 1.35957513827
1.62126	 1.30141630352	0.00156939991242	 1.26166922196	 1.34069419441
1.62525	 1.31368250266	0.00162196993706	 1.27877139801	 1.35637267964
1.62923	 1.31067030498	0.00280942034629	 1.27007842812	 1.36676029134
1.63321	 1.33265484724	0.00377841063797	 1.27739277562	 1.39714217558
1.63718	 1.34431371848	0.00163666319318	 1.30272442258	 1.38321102768
1.64114	 1.36782807919	0.000891814161019	 1.34065975969	 1.39918887939
1.64509	 1.39409615476	0.00236227731778	 1.34831623497	 1.44471963714
1.64904	 1.41528254026	0.00246978924255	 1.36617954353	 1.46555361359
1.65299	 1.42060471492	0.00284179588986	 1.36585629758	 1.46285931526
1.65692	  1.4247724884	0.00238701328384	 1.37474621563	 1.46391222245
1.66085	 1.42931281003	0.00117344364922	 1.39262269188	 1.45914059246
1.66478	 1.43888169482	0.00171402396195	 1.39620837725	 1.46800479583
1.66869	 1.43139356329	0.00279985083926	 1.37844940174	 1.47078614319
 1.6726	 1.43860666932	0.00352751573814	  1.3788986446	 1.49686088826
1.67651	 1.44878622364	0.00111260042538	 1.42109247491	 1.48518380788
 1.6804	 1.48145816887	0.00114762003341	 1.45101455039	 1.51664827378
1.68429	 1.48921521079	0.000823572500008	 1.45869408831	 1.51283051692
1.68818	 1.48888813775	0.0036255152912	 1.43302541349	 1.55275482693
1.69205	 1.46244640788	0.00314971032312	   1.406931597	 1.51085745032
1.69593	 1.44439886363	0.00339422689477	   1.398012371	 1.51448896538
1.69979	 1.44647965655	0.00194379183121	 1.40404541798	 1.48714049773
1.70365	  1.4324537286	0.00146172596285	  1.3972106859	 1.47151910012
 1.7075	 1.41197020472	0.00165048559501	 1.37098146517	  1.4420262922
1.71134	 1.38315410351	0.00101561248349	 1.35211952203	 1.41143454256
1.71518	 1.34888354888	0.00099085439516	 1.31746507876	 1.37410988308
1.71901	 1.29531299121	0.000556340328541	 1.27099899414	 1.31463882319
1.72284	 1.26169862622	0.000403629033717	 1.24139481767	 1.28141855858
1.72666	 1.24509390046	0.00159418621832	 1.20445470621	 1.27420599536
1.73047	 1.21667226293	0.00104149561002	 1.18349508182	 1.24128330961
1.73427	 1.19550411344	0.000682605009638	 1.16832276443	 1.21929357832
1.73807	 1.17713819218	0.00021803558448	 1.16235928649	 1.18934193997
1.74187	 1.15371787563	0.000440382715966	 1.13274356233	 1.17067068687
1.74565	 1.12004936862	0.000708160371505	 1.09903163344	 1.15224528048
1.74943	 1.09346158985	0.000184262266525	 1.08160195948	  1.1084214055
1.75321	 1.06393577871	0.00045965841202	 1.04404417174	  1.0857792616
1.75697	 1.03883539159	0.000879865409312	 1.01389930419	 1.07319500737
1.76074	 1.01429113797	0.000427877232949	  1.0008981723	 1.04139065208
1.76449	 1.00560884017	0.000977059238886	0.980318609539	 1.04280340279
1.76824	0.962340743638	0.000522521202542	 0.94592797393	0.991478475398
1.77198	0.926886904759	0.000311691117392	0.915234718305	0.950033620126
1.77572	0.911128672843	0.000300394207739	0.900612000458	0.934336014087
1.77945	0.893516257642	0.000704078626572	0.867680674552	0.918442818186
1.78317	0.874843035924	0.00222298474284	0.843450878749	0.936038666396
1.78689	0.857159286716	0.00111960090615	0.828962351451	0.895749060238
 1.7906	0.829901514548	0.000669475566279	0.803967991293	0.850969061966
1.79431	 0.83010994313	0.0012007049059	 0.80435477231	0.873539562063
  1.798	0.817759727902	0.000827474008416	 0.79024510092	0.843526366245
 1.8017	0.811108902938	0.000114540748886	0.800503530105	0.821297564319
1.80539	0.785623158293	0.000984105568076	0.758221885121	0.819686603099
1.80907	 0.78320845149	0.00106826661641	0.751856891335	0.817026190572
1.81274	0.797293498083	0.00116710168817	0.767569639246	0.835209170367
1.81641	0.816979827731	0.00187720049262	0.784755742174	0.865479696789
1.82007	0.831870128871	0.00117393147777	0.800358432384	0.868670004221
1.82373	0.810261318206	0.00274292616505	 0.76086761982	0.858174901329
1.82738	0.828419057562	0.00123266037822	0.798073856173	0.868291973939
1.83103	0.815280403913	0.00246850092081	0.783261352847	0.875370532984
1.83467	0.790662595729	0.00106582777715	0.765715700287	0.830993354727
 1.8383	0.782362473303	0.0021003204303	0.737909160594	 0.82804997904
1.84193	0.744982020627	0.00309412939112	0.699663112055	0.805130337547
1.84555	0.745402224108	0.00260623550408	0.715099406767	0.805526782866
1.84917	0.741714957266	0.00168987184345	0.713573853294	0.791364834916
1.85278	0.719362807259	0.000622254270399	0.704116637341	0.749001325966
1.85639	0.714941161404	0.00043261218858	0.697259035534	0.735813642048
1.85999	 0.72432187658	0.000888023933651	0.699495286463	0.753428086223
1.86358	0.675837555499	0.00303632909865	0.636060994963	0.744661039861
1.86717	0.690943183323	0.00199688809174	0.658366003026	0.741862518642
1.87075	0.704974873908	0.00391331153804	0.631700737986	0.756800226762
1.87433	0.725606173527	0.00140967641064	0.697011104064	0.765967351105
 1.8779	0.742889290655	0.000365876400338	 0.72625384714	 0.76200549879
1.88147	0.750704952227	0.000420193688063	0.732556095522	0.773503378782
1.88503	 0.76747877977	0.000569790746276	0.747598290671	0.792451924685
1.88859	0.773915642798	0.000639144435374	0.749768264428	0.798927933954
1.89214	0.783725224359	0.000814277272398	0.761129294815	0.814434223346
1.89568	0.789662995276	0.00134459805706	 0.76601876118	0.832879265136
1.89922	0.779071473445	nan	0.779071473445	0.779071473445
